Enter run-1 dataset: 60h 9d HK EG Run1
Starting

Select fit mode: '1' (SingleGaus) '2' (DoubleGaus) '3' (LanGaus)
Using fitMode: SingleGaus
Starting

Reading	../plots/9d/plotsEpTimeXtal_SingleGaus_9d.root
Xtal,N,ChiSqrNdf,Tau,dTau,Alpha,dAlpha
10,1.64136,8.18734,3.12179,0.00689773,0.00307552
11,0.971265,9.81995,3.95981,0.0108919,0.00401924
12,1.07974,8.23419,1.78234,0.0167613,0.00388268
13,1.51977,11.486,3.21864,0.0131692,0.0029113
21,0.435395,6.36793,1.3085,0.0222897,0.00561018
22,0.816974,7.23195,1.10986,0.0214331,0.00381751
23,1.38537,5.34994,1.85231,0.0197483,0.0093636
24,0.996095,8.45161,2.47035,0.0180182,0.00563778
28,0.925659,7.66902,1.17346,0.0207249,0.00358125
29,0.665196,9.0465,1.56284,0.016951,0.00299018
30,0.977235,6.23963,1.32659,0.017633,0.00486312
31,1.01487,4.96137,1.18225,0.0298324,0.010832
32,1.03104,7.13079,1.18722,0.0220033,0.0044663
33,0.939735,12.4139,2.80019,0.0171109,0.00333557
37,1.03777,9.19395,2.08401,0.0180828,0.00411185
38,1.05122,4.93644,1.58891,0.0290578,0.0134571
41,1.27292,10.8143,3.18402,0.0191165,0.00506592
2,3.38378,15,0.410762,0.1,0.00822705
13,1.23145,11.1161,3.4032,0.00744652,0.00234663
38,0.764286,9.05881,3.4501,0.00740449,0.00302485
46,2.38036,15,0.828142,0.1,0.0218199

Surviving xtals: 21
Mean tau_err = 2.04787
Mean amp_err = 0.00602093
Mean chiSqrNDF = 1.21531
Created: ../plots/9d/fitsEpTimeXtal_SingleGaus_9d.root
