13 0 0.0386044  0.0121773  2.70461  0.497232
13 1 0.0173769  0.00190494  7.04611  0.742968
13 2 0.0166798  0.00265483  6.15685  0.902151
13 3 0.022006  0.00208182  7.25141  0.669669
13 4 0.0230518  0.00206982  7.09107  0.605643
13 5 0.0199326  0.00192191  7.54639  0.712365
13 6 0.0219675  0.00196159  7.16449  0.615616
13 7 0.033861  0.00202915  7.02313  0.396017
13 8 0.0269271  0.00201716  6.77605  0.475404
13 9 0.0132354  0.00399082  4.51277  1.03529
13 10 0.020284  0.0060177  3.37864  0.657016
13 11 0.0197917  0.00401485  4.69722  0.763058
13 12 0.0212704  0.00252329  6.12005  0.658503
13 13 0.0199356  0.00230589  6.28508  0.658001
13 14 0.023001  0.00499059  4.28064  0.716679
13 15 0.0322196  0.00716771  3.4254  0.515231
13 16 0.0293916  0.00209611  7.01155  0.481512
13 17 0.0424374  0.00260962  6.07309  0.34084
13 18 0.0157634  0.00505554  4.30708  1.07265
13 19 0.030775  0.0125274  2.54171  0.577901
13 20 0.0186853  0.00652205  4.00136  1.04998
13 21 0.0163612  0.00190519  7.51578  0.867518
13 22 0.0229093  0.00299797  5.72018  0.655869
13 23 0.0290001  0.00773764  3.34095  0.594611
13 24 0.0393559  0.00916138  3.10837  0.459798
13 25 0.0279759  0.00190071  7.55681  0.507705
13 26 0.0375651  0.00246482  6.40497  0.397754
13 27 0.018724  0.00534501  3.78821  0.765607
13 28 0.0147321  0.00178986  7.6421  0.918775
13 29 0.0185308  0.00183933  7.45559  0.711236
13 30 0.0194602  0.0048866  4.30438  0.828817
13 31 0.0175647  0.00546732  4.12923  0.975156
13 32 0.0230267  0.0024877  6.11869  0.602182
13 33 0.0226195  0.0022672  6.91134  0.669805
13 34 0.0309304  0.00526353  3.92552  0.488863
13 35 0.0484611  0.00703508  3.54228  0.353907
13 36 0.0095775  0.0043962  4.60985  1.64874
13 37 0.0250582  0.00225567  6.50923  0.538712
13 38 0.0210844  0.00306822  5.30972  0.664538
13 39 0.0238478  0.00543164  3.83048  0.617467
13 40 0.0214843  0.010791  2.88507  0.883723
13 41 0.0183819  0.00240259  6.79564  0.847208
13 42 0.0228663  0.00184004  8.36591  0.690818
13 43 0.0325704  0.00567639  3.7803  0.471376
13 44 0.0415303  0.00698136  3.69748  0.445174
13 45 0.0179424  0.0048341  4.09345  0.815772
13 46 0.0157204  0.00199107  6.80971  0.796191
13 47 0.0205665  0.00226897  6.87209  0.718039
13 48 0.0132876  0.00160552  9.23695  1.2066
13 49 0.0183029  0.00192197  7.59881  0.788
13 50 0.0189446  0.00175254  7.46798  0.666978
13 51 0.0180617  0.00222517  6.48063  0.74635
13 52 0.0297851  0.00186697  7.48025  0.457484
13 53 0.0375131  0.00184887  7.88999  0.387249
19 0 0.0176165  0.00752267  3.20591  0.876858
19 1 0.00898028  0.00208188  6.80994  1.4626
19 2 0.00934362  0.00296058  5.72003  1.56168
19 3 0.00474138  0.00112699  10.2725  2.50403
19 4 0.00844463  0.00196761  6.99629  1.51629
19 5 0.00627211  0.00195399  6.89089  1.93615
19 6 0.00714284  0.00155175  8.05228  1.67709
19 7 0.014686  0.00190066  7.48062  0.955554
19 8 0.0122722  0.00169281  7.8296  1.06479
19 9 0.00226449  0.00124755  9.32159  4.42219
19 10 0.0187455  0.0184743  2.21223  1.16264
19 11 0.00761643  0.00536925  4.12361  2.16815
19 12 0.00777401  0.00175866  8.05126  1.81076
19 13 0.0080869  0.00204717  6.59448  1.47822
19 14 0.00653942  0.00173114  8.32498  2.16541
19 15 0.00650722  0.00222728  7.3591  2.46279
19 16 0.0133788  0.00170224  7.95312  0.980934
19 17 0.0189201  0.00288341  6.0276  0.835148
19 18 0.00215817  0.000613419  13  12.4256
19 19 0.0606611  0.0605334  1.36008  0.121723
19 20 0.00503689  0.00184846  9.23068  3.51606
19 21 0.00798484  0.00155162  8.83552  1.78367
19 22 0.0105955  0.00214853  7.28512  1.41188
19 23 0.0645037  0.0490968  1.48451  0.0967663
19 24 0.0074231  0.00244471  5.90545  1.61973
19 25 0.0177153  0.00254029  5.92124  0.761028
19 26 0.0194441  0.00265714  6.61848  0.856225
19 27 0.00536903  0.00261555  6.74079  3.08595
19 28 0.00678548  0.00175497  8.73677  2.38696
19 29 0.00814844  0.00175123  7.77466  1.65238
19 30 0.0576335  0.0574903  1.2597  0.131283
19 31 0.00217117  0.000690463  13  12.252
19 32 0.00707528  0.00131969  11.1943  2.34058
19 33 0.00629683  0.00125422  10.6394  2.30893
19 34 0.0203404  0.00721674  3.80832  0.975436
19 35 0.0796652  0.0711931  1.80689  0.181419
19 36 0.0311071  0.0432297  1.82935  1.71604
19 37 0.00816747  0.00215385  7.67168  2.04958
19 38 0.00923779  0.00150511  9.42154  1.60699
19 39 0.00318558  0.00213733  8.54803  9.63231
19 40 0.00386892  0.00256194  6.49426  3.84386
19 41 0.00687379  0.00179949  8.1815  2.13694
19 42 0.00684674  0.00160616  9.33716  2.35507
19 43 0.0648013  0.0661864  1.85244  0.552419
19 44 0.0494359  0.020063  2.34651  0.515139
19 45 0.0127067  0.0144851  3.02921  2.25602
19 46 0.00956725  0.00156029  9.61972  1.6631
19 47 0.00571068  0.00157813  8.44167  2.35143
19 48 0.00712442  0.00183349  8.13104  2.13598
19 49 0.0093111  0.00189974  7.4248  1.45872
19 50 0.00564937  0.00123008  11.4815  2.81752
19 51 0.00488596  0.00112832  12.501  3.34287
19 52 0.0141842  0.00159154  8.43668  0.951867
19 53 0.00907337  0.0013404  10.7273  1.72931