st_13
1 0
2 0
3 0
4 0
5 0
6 3.13599
7 1.81111
8 1.57108
9 1.46617
10 0
11 1.46617
12 1.46617
13 2.20206
14 1.99036
15 1.82022
16 1.74724
17 1.44966
18 1.40082
19 0
20 1.40082
21 1.40082
22 2.21198
23 2.09423
24 1.72323
25 1.60437
26 1.46878
27 1.38439
28 1.38439
29 1.38439
30 1.38439
31 2.21384
32 2.05436
33 1.97377
34 1.74519
35 1.50746
36 1.36066
37 0
38 1.36066
39 1.36066
40 2.20291
41 2.05892
42 1.88492
43 1.73825
44 1.58394
45 1.43621
46 0
47 0
48 0
49 1.43621
50 1.43621
51 1.9728
52 1.85594
53 1.61017
54 1.42449
*************
st_19
1 0
2 0
3 0
4 0
5 0
6 2.75699
7 1.85522
8 1.50985
9 1.44827
10 0
11 1.44827
12 1.44827
13 2.20272
14 2.09256
15 2.05392
16 1.77294
17 1.54287
18 1.36208
19 1.36208
20 1.36208
21 1.36208
22 2.21522
23 2.10404
24 1.81761
25 1.68634
26 1.51406
27 1.36943
28 0
29 1.36943
30 1.36943
31 2.21746
32 2.01784
33 1.86397
34 1.74144
35 1.53259
36 1.33308
37 1.33308
38 1.33308
39 1.33308
40 2.21457
41 1.92376
42 1.9459
43 1.77294
44 1.54683
45 1.32642
46 0
47 0
48 0
49 1.32642
50 1.32642
51 1.98343
52 1.9736
53 1.13875
54 1.56705
