4 1.03283 5.40811
5 1.2021 5.04556
6 0.552383 0.198986
7 1.09931 0.0366085
8 1.12079 0.00713266
9 0.804432 0.151391
12 0.677963 0.444214
13 1.06994 0.00189359
14 1.04157 0.00148513
15 0.988109 0.0008815
16 1.02641 0.000720834
17 1.02845 0.000721568
18 1.10497 0.00200511
20 1.10497 0.00200511
21 0.981686 0.831612
22 1.05634 0.00175455
23 1.01298 0.00101172
24 1.06707 0.000724289
25 1.05307 0.000647987
26 1.00343 0.000651385
27 1.0812 0.00168206
29 1.14679 0.147192
30 0.97512 0.958711
31 1.05225 0.00185962
32 1.07201 0.00105744
33 1.04621 0.000747513
34 1.03069 0.000571901
35 1.02136 0.000579171
36 1.08701 0.00199151
38 1.25778 0.0447318
39 1.4125 3.93501
40 1.06304 0.00293137
41 1.10828 0.00138176
42 1.0251 0.00104882
43 1.02617 0.000834358
44 1.09441 0.00096058
45 1.11641 0.00181679
49 1.03031 4.69968
50 1.1877 2.23165
51 1.69958 2.59088
52 1.15621 0.0289937
53 1.18431 0.0218507
54 1.17439 0.509004
