13 0 0.023035  0.00352206  3.55434  0.373953
13 1 0.0162413  0.00124858  6.36078  0.459331
13 2 0.0140051  0.00141842  6.30135  0.597654
13 3 0.0206833  0.00124512  6.77255  0.392518
13 4 0.0191417  0.0010646  7.61528  0.419156
13 5 0.0200775  0.0013222  6.60988  0.41167
13 6 0.0193553  0.00122103  6.73688  0.404158
13 7 0.0305154  0.00113323  7.05616  0.252882
13 8 0.028277  0.00138856  5.9275  0.263917
13 9 0.0133999  0.00295085  3.73556  0.579955
13 10 0.0213808  0.00488608  2.90562  0.39654
13 11 0.0220927  0.00271245  4.2921  0.402415
13 12 0.0165894  0.00128011  6.80483  0.505705
13 13 0.0168506  0.00127893  6.49291  0.466954
13 14 0.0216978  0.00311797  4.15853  0.455793
13 15 0.0339176  0.00503326  3.0916  0.290527
13 16 0.028449  0.00121591  6.73783  0.277813
13 17 0.0369762  0.0013898  6.39634  0.22466
13 18 0.0136693  0.00313998  3.89019  0.64708
13 19 0.0203679  0.00476173  3.04518  0.446703
13 20 0.0164703  0.00365807  3.48564  0.52422
13 21 0.0155339  0.00127446  6.63305  0.518008
13 22 0.0195127  0.00141742  6.08943  0.400356
13 23 0.0251508  0.00409203  3.39235  0.373078
13 24 0.0288489  0.00436881  3.35129  0.337696
13 25 0.0283576  0.00131537  6.60677  0.288825
13 26 0.0330479  0.00136974  6.40608  0.24861
13 27 0.0290494  0.00607801  2.79064  0.342944
13 28 0.016858  0.00152263  5.66598  0.448026
13 29 0.01674  0.00122053  6.57287  0.451379
13 30 0.0213692  0.00466483  3.33699  0.482617
13 31 0.0156579  0.00223301  4.67394  0.536269
13 32 0.0197807  0.00154343  5.86463  0.415844
13 33 0.0225641  0.00142108  6.34262  0.374824
13 34 0.035332  0.00446454  3.27738  0.271203
13 35 0.0443121  0.00394174  3.69095  0.2346
13 36 0.0209543  0.00662994  2.76965  0.517858
13 37 0.0183217  0.0010643  7.32937  0.416086
13 38 0.015074  0.00135796  6.32053  0.534358
13 39 0.0302306  0.00571875  2.94529  0.341757
13 40 0.024787  0.00518955  2.95145  0.377214
13 41 0.0170212  0.00145397  6.35868  0.511378
13 42 0.0240853  0.00127991  6.86945  0.345798
13 43 0.0359908  0.00403589  3.39253  0.253963
13 44 0.046451  0.00496182  3.22781  0.223213
13 45 0.024887  0.00550683  2.96436  0.402817
13 46 0.0127933  0.00124747  6.46229  0.588407
13 47 0.0194888  0.00140365  6.2675  0.417211
13 48 0.0141257  0.00111992  7.12569  0.543763
13 49 0.0192757  0.00128583  6.67023  0.420207
13 50 0.0198346  0.0010809  7.2894  0.388644
13 51 0.0162153  0.00115597  6.88552  0.473562
13 52 0.0285398  0.001137  7.08977  0.270979
13 53 0.0355825  0.0011682  7.36601  0.239304
19 0 0.00984546  0.00264222  4.14819  0.833376
19 1 0.00580689  0.00126243  6.44782  1.28741
19 2 0.00522902  0.000879051  8.32383  1.38523
19 3 0.00575831  0.000952381  7.23396  1.1166
19 4 0.00623056  0.000995223  7.42804  1.14082
19 5 0.00467345  0.000940183  7.63624  1.45979
19 6 0.00423414  0.000694868  9.40743  1.53132
19 7 0.010815  0.000918033  8.06568  0.688912
19 8 0.00990754  0.000992153  7.17216  0.674508
19 9 0.00505681  0.00188569  4.87318  1.45078
19 10 0.00286963  0.00113845  6.69022  2.36834
19 11 0.00500761  0.00140602  5.97625  1.49863
19 12 0.00535325  0.000883496  8.12321  1.27615
19 13 0.00899318  0.00177023  5.36275  0.907162
19 14 0.00495131  0.00111837  6.64182  1.31564
19 15 0.00726353  0.00173682  4.92351  0.937619
19 16 0.0131939  0.00148962  5.77072  0.570238
19 17 0.0117596  0.00107923  7.55213  0.67939
19 18 0.0032906  0.000968513  7.39659  2.02167
19 19 0.00452347  0.00183566  5.07644  1.67812
19 20 0.00399806  0.00116838  6.7051  1.73438
19 21 0.005851  0.000886733  8.24462  1.24779
19 22 0.00774054  0.00115292  7.71198  1.14085
19 23 0.008923  0.0028598  4.14642  1.00642
19 24 0.00591085  0.0015757  5.42955  1.20431
19 25 0.0109569  0.00113934  6.85416  0.669908
19 26 0.0164449  0.0013689  6.79691  0.534724
19 27 0.00495144  0.00141789  6.6892  1.82572
19 28 0.00583879  0.00111724  7.00459  1.23937
19 29 0.0056489  0.000838773  8.50927  1.2395
19 30 0.00311697  0.000901077  7.38992  1.86589
19 31 0.00493598  0.00146032  5.98771  1.50578
19 32 0.00922315  0.000957082  8.22882  0.84792
19 33 0.00658054  0.00105858  7.36794  1.13487
19 34 0.0130331  0.00263826  4.55893  0.730364
19 35 0.02045  0.00374409  3.66532  0.467653
19 36 0.00583143  0.00289328  4.37857  1.68488
19 37 0.00463353  0.000977662  7.16061  1.39031
19 38 0.0070118  0.000880055  8.40769  1.038
19 39 0.00422961  0.00175556  4.8414  1.5481
19 40 0.00425447  0.00151625  5.77301  1.78434
19 41 0.0058325  0.000929174  7.8642  1.18186
19 42 0.00639917  0.000991553  7.80314  1.18446
19 43 0.00833494  0.00198664  5.28462  1.06267
19 44 0.0113254  0.00222531  5.10825  0.850036
19 45 0.00660264  0.00262971  4.42985  1.3955
19 46 0.00916809  0.00117127  7.05536  0.842906
19 47 0.00678105  0.00135742  6.10366  1.10641
19 48 0.00523911  0.000906332  7.9095  1.31692
19 49 0.00684283  0.0011534  6.73013  1.04644
19 50 0.00536234  0.000744264  9.46866  1.35089
19 51 0.0058013  0.0011048  6.59067  1.11057
19 52 0.0108476  0.000996115  7.80192  0.710001
19 53 0.0103474  0.00101001  7.79423  0.739768
