st_13
1 0
2 0
3 0
4 0
5 2.18092
6 2.03715
7 1.90147
8 1.66794
9 1.48416
10 0
11 1.48416
12 1.48416
13 2.20948
14 2.00918
15 1.828
16 1.76987
17 1.54379
18 1.4341
19 1.4341
20 1.4341
21 1.4341
22 2.21728
23 2.11958
24 1.76187
25 1.63218
26 1.53817
27 1.43845
28 1.43845
29 1.43845
30 1.43845
31 2.21968
32 2.10894
33 1.92114
34 1.77089
35 1.58277
36 1.42456
37 0
38 1.42456
39 1.42456
40 2.21044
41 2.07566
42 1.90383
43 1.73638
44 1.60574
45 1.45091
46 0
47 0
48 0
49 2
50 2
51 1.97459
52 1.8147
53 1.65829
54 1.47519
***********
st_19
1 0
2 0
3 0
4 2
5 2.21908
6 2.0847
7 1.88732
8 1.71996
9 1.49762
10 0
11 1.49762
12 1.49762
13 2.20971
14 2.07522
15 2.02021
16 1.79396
17 1.59566
18 1.41058
19 1.41058
20 1.41058
21 1.41058
22 2.21727
23 2.13487
24 1.85597
25 1.70569
26 1.58323
27 1.40333
28 0
29 1.40333
30 1.40333
31 2.2208
32 2.05034
33 1.88793
34 1.7666
35 1.55302
36 1.40401
37 1.40401
38 1.40401
39 1.40401
40 2.2179
41 1.96653
42 1.94201
43 1.7968
44 1.5903
45 1.41355
46 0
47 0
48 0
49 1.41355
50 1.41355
51 1.98286
52 1.91539
53 1.68811
54 1.4979
