5 1.21807 2.44253
6 1.10526 0.27512
7 1.10293 0.104585
8 1.14418 0.00917033
9 -7.3539 10.8166
12 1.22745 0.553276
13 1.06114 0.00231289
14 1.06855 0.00103698
15 1.08348 0.00104306
16 1.03988 0.000754628
17 1.06907 0.000713351
18 1.15717 0.00202709
21 1.05181 0.063754
22 1.03923 0.00150819
23 1.01298 0.000760994
24 1.11363 0.000755167
25 1.08495 0.000638519
26 1.03988 0.00064382
27 1.1805 0.00246655
29 1.06906 5.38749
30 1.07141 0.010384
31 1.04021 0.00162715
32 1.02466 0.000843217
33 0.995575 0.000732257
34 1.02908 0.000581614
35 1.02518 0.000602996
36 1.13211 0.00194939
39 0.946126 0.809806
40 1.04674 0.00353993
41 1.03934 0.00107863
42 1.04108 0.000944263
43 1.06035 0.000815137
44 1.05739 0.000770526
45 1.1233 0.00201308
50 1.13751 3.82657
51 1.20047 0.237444
52 1.1955 0.0218301
53 1.1399 0.27045
54 1.30469 0.406299
