St13_E_vs_xtal_0
3 3.42244
4 3.24804
5 2.64972
6 2.2922
7 1.59864
8 0.925931
9 3.7
10 3.83299
11 4.52181
12 3.53006
13 2.71067
14 2.16761
15 1.89262
16 1.23008
17 0.794601
18 3.8272
19 3.81595
20 3.8209
21 3.64948
22 3.07816
23 1.99155
24 1.52144
25 1.19279
26 0.804327
27 0.896527
28 3.82617
29 3.82023
30 3.70627
31 3.03566
32 2.60292
33 1.88586
34 1.28677
35 0.762326
37 3.83195
38 4.82183
39 3.51813
40 2.91857
41 2.34349
42 1.80247
43 1.39723
44 0.842827
47 0.842827
48 0.842827
49 9.74795
50 2.62294
51 2.13121
52 1.46433
53 0.899505
St13_E_vs_xtal_1 
3 0
4 10.2946
5 2.71041
6 2.04103
7 1.46798
8 0.971978
10 3.82811
11 4.14835
12 3.39854
13 2.63425
14 2.11652
15 1.80929
16 0.972436
17 0.667521
18 0.667521
19 3.81714
20 3.822
21 3.5308
22 2.99006
23 1.83967
24 1.43278
25 0.896495
26 0.636366
27 3.3
28 3.82676
29 3.82171
30 3.57397
31 2.94532
32 2.53729
33 1.80837
34 1.05264
35 0.642069
37 3.81876
38 7.86907
39 3.38405
40 2.81771
41 2.26352
42 1.7638
43 1.28917
44 0.718992
47 0.718992
48 2.5
49 -4.40938
50 2.86788
51 2.23414
52 1.35391
53 1.39439
St19_E_vs_xtal_0
3 -2.98658
4 8.29529
5 2.95715
6 2.32562
7 1.74085
8 1.02727
9 1.02727
10 3.82759
11 7.72291
12 3.50739
13 2.96649
14 2.74434
15 1.98047
16 1.36726
17 0.709124
18 8.06695
19 3.82541
20 3.82286
21 3.64093
22 3.12323
23 2.16721
24 1.67403
25 1.33316
26 0.651435
27 3.8
28 3.82907
29 3.82343
30 3.7259
31 2.82756
32 2.31818
33 1.74417
34 1.24944
35 0.696014
36 0.696014
37 3.82294
38 3.81927
39 3.6854
40 2.55464
41 2.41412
42 1.90819
43 1.27595
44 0.823017
45 0.823017
48 0.823017
49 -0.35704
50 2.60215
51 2.27098
52 1.55792
53 1.03797
St19_E_vs_xtal_1
3 0
4 4.5972
5 2.94605
6 2.11684
7 1.51766
8 0.967719
9 3.8
10 1.09653
11 3.81973
12 3.41765
13 2.95588
14 2.79631
15 1.89733
16 1.21633
17 0.476536
18 6.74996
19 3.82833
20 3.82289
21 3.52321
22 3.06084
23 2.09605
24 1.58111
25 1.07717
26 0.396422
27 -2.59256
28 8.08673
29 3.82637
30 3.66356
31 2.69806
32 2.24277
33 1.64406
34 1.1508
35 0.568938
36 0.568938
37 3.82115
38 3.81897
39 3.61703
40 2.45473
41 2.42205
42 1.8889
43 1.17244
44 0.659665 
45 0.659665
48 3.4
49 2.78343
50 2.8166
51 2.45979
52 1.44149
53 1.11911
